0 
45.00292735733868
44.93491871415091
44.7992251336284
44.73153906652348
44.59648558079519
44.52911705354421
44.39469368458748
44.327637754835735
44.19383470987438
44.12708652665739
44.06043986307458
43.92744899461269
43.8611037476291
43.72871104658637
43.66266256925974
43.59671199702163
43.46510255495539
43.39944268621895
43.3338787247024
43.26841017835454
43.13775737751112
43.072572153389416
43.0074804051346
42.942481655023556
42.87757542812548
42.74803865806442
42.68340717878863
42.61886635045363
42.55441571173807
42.49005480397341
42.36160035975354
42.29750591902567
42.233499400659554
42.16958035891986
42.105748350592904
42.04200293496578
41.9783436738052
41.85128187422569
41.78787847155391
41.72455949480249
41.66132451783068
41.59817311685612
41.535104870435674
41.47211935944591
41.40921616706399
41.346394878748754
41.28365508222194
41.220996367449686
41.158418326623945
41.095920554144385
41.03350264660028
40.9711642027527
40.90890482351671
40.84672411194393
40.78462167320504
40.722597114572636
40.59878007712496
40.59878007712496
40.53698682321186
40.475269899176084
40.41362892254716
40.35206351285669
40.29057329162211
40.22915788233067
40.16781691042388
40.106550003281455
40.0453567902062
39.98423690240841
39.923189972990656
39.86221563693249
39.80131353107606
39.80131353107606
39.740483294110646
39.67972456655832
39.61903699075927
39.55842021085752
39.49787387278647
39.43739762425483
39.37699111473242
39.37699111473242
39.316653995436695
39.256385919318376
39.19618654104826
39.13605551700343
39.07599250525391
39.07599250525391
39.01599716554938
38.956069159306026
38.89620814959335
38.836413801121466
38.77668578022789
38.77668578022789
38.717023754865295
38.65742739458835
38.59789637054186
38.59789637054186
38.538430355447815
38.47902902359337
38.41969205081864
38.36041911450474
38.36041911450474
38.30120989356152
38.24206406841603
38.18298132100065
38.18298132100065
38.123961334741296
38.0650037945461
38.006108386793755
38.006108386793755
37.94727479932226
37.88850272141761
37.88850272141761
37.829791843802695
37.77114185862612
37.71255245945136
37.71255245945136
37.65402334124582
37.595554200369946
37.595554200369946
37.53714473456665
37.47879464295059
37.47879464295059
37.42050362599784
37.362271385535195
37.362271385535195
37.30409762473002
37.24598204807981
37.24598204807981
37.18792436140225
37.12992427182493
37.12992427182493
37.07198148777533
37.01409571897102
37.01409571897102
36.95626667640977
36.95626667640977
36.898494072359625
36.840777620349485
36.840777620349485
36.783117035159336
36.783117035159336
36.725512032810684
36.725512032810684
36.6679623305572
36.61046764687538
36.61046764687538
36.55302770145502
36.55302770145502
36.495642215190344
36.43831091017046
36.43831091017046
36.3810335096706
36.3810335096706
36.32380973814293
36.32380973814293
36.266639321207805
36.266639321207805
36.20952198564461
36.15245745938324
36.15245745938324
36.095445471495225
36.095445471495225
36.03848575218515
36.03848575218515
35.981578032782096
35.981578032782096
35.924722045731016
35.924722045731016
35.86791752458427
35.81116420399351
35.81116420399351
35.75446181970105
35.75446181970105
35.69781010853163
35.69781010853163
35.64120880838448
35.64120880838448
35.58465765822493
35.58465765822493
35.52815639807645
35.52815639807645
35.47170476901272
35.47170476901272
35.41530251314944
35.41530251314944
35.358949373636875
35.358949373636875
35.30264509465155
35.30264509465155
35.24638942138881
35.24638942138881
35.19018210005504
35.19018210005504
35.134022877859906
35.134022877859906
35.077911503009034
35.02184772469613
35.02184772469613
35.02184772469613
34.965831293095874
34.90986195935619
34.90986195935619
34.90986195935619
34.853939475591034
34.853939475591034
34.79806359487313
34.79806359487313
34.74223407122659
34.74223407122659
34.68645065961985
34.68645065961985
34.6307131159584
34.6307131159584
34.575021197077746
34.575021197077746
34.5193746607365
34.5193746607365
34.5193746607365
34.46377326560906
34.46377326560906
34.408216771279
34.408216771279
34.408216771279
34.35270493823205
34.35270493823205
34.29723752784926
34.29723752784926
34.29723752784926
34.2418143024002
34.2418143024002
34.186435025036246
34.186435025036246
34.186435025036246
34.13109945978391
34.13109945978391
34.075807371538104
34.075807371538104
34.075807371538104
34.02055852605571
34.02055852605571
33.965352689948844
33.965352689948844
33.965352689948844
33.9101896306785
33.9101896306785
33.9101896306785
33.85506911654804
33.85506911654804
33.79999091669674
33.79999091669674
33.79999091669674
33.744954801093456
33.744954801093456
33.744954801093456
33.68996054053042
33.68996054053042
33.68996054053042
33.63500790661678
33.63500790661678
33.58009667177245
33.58009667177245
33.58009667177245
33.52522660922196
33.52522660922196
33.52522660922196
33.47039749298824
33.47039749298824
33.415609097886545
33.415609097886545
33.415609097886545
33.415609097886545
33.36086119951841
33.36086119951841
33.36086119951841
33.306153574265664
33.306153574265664
33.25148599928437
33.25148599928437
33.25148599928437
33.25148599928437
33.196858252498856
33.196858252498856
33.196858252498856
33.14227011259604
33.14227011259604
33.14227011259604
33.08772135901924
33.08772135901924
33.08772135901924
33.0332117719627
33.0332117719627
33.0332117719627
32.97874113236557
32.97874113236557
32.97874113236557
32.92430922190627
32.92430922190627
32.92430922190627
32.869915822996774
32.869915822996774
32.869915822996774
